0 0.489063 0.866667 0.4875 0.86875 0.4875 0.870833 0.484375 0.875 0.482812 0.875 0.48125 0.877083 0.48125 0.879167 0.475 0.8875 0.475 0.929167 0.476562 0.93125 0.478125 0.93125 0.479687 0.933333 0.48125 0.933333 0.482812 0.935417 0.485938 0.935417 0.4875 0.933333 0.490625 0.933333 0.498437 0.922917 0.498437 0.920833 0.5 0.91875 0.5 0.916667 0.503125 0.9125 0.503125 0.910417 0.504687 0.908333 0.504687 0.86875 0.503125 0.866667 0.984905
0 0.407813 0.925 0.40625 0.927083 0.404687 0.927083 0.401562 0.93125 0.401562 0.933333 0.4 0.935417 0.4 0.9375 0.39375 0.945833 0.39375 0.9625 0.395313 0.964583 0.425 0.964583 0.426563 0.9625 0.428125 0.9625 0.428125 0.960417 0.429688 0.958333 0.429688 0.9375 0.428125 0.935417 0.428125 0.933333 0.426563 0.933333 0.425 0.93125 0.425 0.929167 0.421875 0.925 0.947211
1 0.832812 0.333333 0.83125 0.335417 0.829688 0.335417 0.826562 0.339583 0.825 0.339583 0.823438 0.341667 0.821875 0.341667 0.815625 0.35 0.814063 0.35 0.8125 0.352083 0.8125 0.364583 0.814063 0.366667 0.814063 0.36875 0.815625 0.370833 0.817187 0.370833 0.81875 0.372917 0.823438 0.372917 0.825 0.375 0.840625 0.375 0.842187 0.372917 0.846875 0.372917 0.848437 0.370833 0.85 0.370833 0.85 0.36875 0.851562 0.366667 0.853125 0.366667 0.854688 0.364583 0.854688 0.3625 0.85625 0.360417 0.85625 0.358333 0.857812 0.35625 0.859375 0.35625 0.859375 0.354167 0.860938 0.352083 0.860938 0.34375 0.8625 0.341667 0.8625 0.335417 0.860938 0.335417 0.859375 0.333333 0.912613
1 0.790625 0.383333 0.7875 0.3875 0.7875 0.404167 0.790625 0.408333 0.792188 0.408333 0.79375 0.410417 0.79375 0.4125 0.795312 0.414583 0.8 0.414583 0.801562 0.416667 0.803125 0.416667 0.80625 0.420833 0.807813 0.420833 0.809375 0.422917 0.835938 0.422917 0.8375 0.420833 0.8375 0.416667 0.835938 0.414583 0.835938 0.410417 0.832812 0.40625 0.832812 0.404167 0.829688 0.4 0.829688 0.397917 0.828125 0.395833 0.828125 0.39375 0.821875 0.385417 0.820312 0.385417 0.81875 0.383333 0.876492
1 0.632812 0.6 0.63125 0.602083 0.63125 0.6125 0.639062 0.622917 0.640625 0.622917 0.64375 0.627083 0.64375 0.629167 0.645312 0.63125 0.646875 0.63125 0.651563 0.6375 0.653125 0.6375 0.654687 0.639583 0.667188 0.639583 0.66875 0.6375 0.670312 0.6375 0.673437 0.633333 0.673437 0.63125 0.678125 0.625 0.678125 0.622917 0.679688 0.620833 0.679688 0.616667 0.68125 0.614583 0.68125 0.602083 0.679688 0.602083 0.678125 0.6 0.871204
1 0.615625 0.0583333 0.6125 0.0625 0.6125 0.0708333 0.614062 0.0729167 0.615625 0.0729167 0.617188 0.075 0.61875 0.075 0.621875 0.0791667 0.623437 0.0791667 0.625 0.08125 0.626563 0.08125 0.63125 0.0875 0.63125 0.0895833 0.632812 0.0895833 0.639062 0.0979167 0.640625 0.0979167 0.642187 0.1 0.64375 0.1 0.646875 0.104167 0.648438 0.104167 0.65 0.10625 0.653125 0.10625 0.654687 0.108333 0.659375 0.108333 0.660937 0.110417 0.665625 0.110417 0.667188 0.108333 0.670312 0.108333 0.671875 0.10625 0.673437 0.10625 0.675 0.104167 0.675 0.0895833 0.673437 0.0875 0.673437 0.0833333 0.671875 0.08125 0.671875 0.0791667 0.667188 0.0729167 0.667188 0.0708333 0.664062 0.0666667 0.6625 0.0666667 0.659375 0.0625 0.659375 0.0604167 0.65625 0.0604167 0.654687 0.0583333 0.849471
1 0.639062 0.541667 0.632812 0.55 0.628125 0.55 0.621875 0.558333 0.620313 0.558333 0.61875 0.560417 0.61875 0.577083 0.621875 0.58125 0.626563 0.58125 0.628125 0.583333 0.629687 0.583333 0.63125 0.585417 0.632812 0.585417 0.634375 0.5875 0.6375 0.5875 0.639062 0.585417 0.642187 0.585417 0.64375 0.583333 0.646875 0.583333 0.648438 0.58125 0.653125 0.58125 0.654687 0.579167 0.654687 0.577083 0.657812 0.572917 0.659375 0.572917 0.660937 0.570833 0.660937 0.564583 0.6625 0.5625 0.6625 0.560417 0.665625 0.55625 0.665625 0.55 0.6625 0.545833 0.6625 0.54375 0.660937 0.54375 0.659375 0.541667 0.843669
0 0.370312 0.7 0.36875 0.702083 0.36875 0.779167 0.371875 0.783333 0.373437 0.783333 0.376563 0.7875 0.378125 0.7875 0.379687 0.789583 0.384375 0.789583 0.385937 0.7875 0.389062 0.7875 0.390625 0.785417 0.390625 0.783333 0.392188 0.78125 0.392188 0.779167 0.39375 0.777083 0.39375 0.775 0.396875 0.770833 0.396875 0.76875 0.398438 0.766667 0.398438 0.745833 0.396875 0.74375 0.396875 0.741667 0.39375 0.7375 0.39375 0.733333 0.392188 0.73125 0.392188 0.71875 0.390625 0.716667 0.390625 0.714583 0.3875 0.710417 0.3875 0.70625 0.385937 0.704167 0.385937 0.702083 0.384375 0.7 0.819463
1 0.351562 0.508333 0.35 0.510417 0.35 0.529167 0.353125 0.533333 0.354687 0.533333 0.35625 0.535417 0.35625 0.5375 0.357812 0.5375 0.359375 0.539583 0.378125 0.539583 0.379687 0.5375 0.38125 0.5375 0.3875 0.529167 0.3875 0.522917 0.389062 0.520833 0.389062 0.51875 0.385937 0.514583 0.385937 0.5125 0.384375 0.510417 0.38125 0.510417 0.379687 0.508333 0.764981
1 0.501563 0.725 0.48125 0.752083 0.48125 0.777083 0.482812 0.779167 0.482812 0.78125 0.484375 0.78125 0.489063 0.7875 0.492188 0.7875 0.49375 0.789583 0.5 0.789583 0.501563 0.7875 0.503125 0.7875 0.509375 0.779167 0.509375 0.777083 0.510938 0.775 0.510938 0.772917 0.515625 0.766667 0.515625 0.764583 0.517188 0.7625 0.517188 0.760417 0.51875 0.758333 0.51875 0.75625 0.521875 0.752083 0.521875 0.75 0.523438 0.747917 0.523438 0.739583 0.525 0.7375 0.525 0.733333 0.526563 0.73125 0.526563 0.727083 0.525 0.727083 0.523438 0.725 0.758724
7 0.84375 0.025 0.842187 0.0270833 0.807813 0.0270833 0.80625 0.0291667 0.792188 0.0291667 0.790625 0.03125 0.789062 0.03125 0.7875 0.0291667 0.773438 0.0291667 0.771875 0.03125 0.759375 0.03125 0.757812 0.0333333 0.6375 0.0333333 0.635938 0.0354167 0.509375 0.0354167 0.507812 0.0375 0.501563 0.0375 0.5 0.0395833 0.485938 0.0395833 0.484375 0.0375 0.482812 0.0375 0.48125 0.0395833 0.4625 0.0395833 0.460938 0.0375 0.442188 0.0375 0.440625 0.0395833 0.342187 0.0395833 0.340625 0.0416667 0.31875 0.0416667 0.317187 0.04375 0.3125 0.04375 0.310937 0.0458333 0.307812 0.0458333 0.307812 0.0479167 0.304688 0.0520833 0.304688 0.0541667 0.296875 0.0645833 0.296875 0.0666667 0.295312 0.06875 0.295312 0.0770833 0.29375 0.0791667 0.29375 0.108333 0.292187 0.110417 0.292187 0.11875 0.290625 0.120833 0.290625 0.127083 0.289062 0.129167 0.289062 0.15 0.2875 0.152083 0.2875 0.19375 0.285938 0.195833 0.285938 0.2125 0.284375 0.214583 0.284375 0.225 0.282813 0.227083 0.282813 0.245833 0.28125 0.247917 0.28125 0.314583 0.279687 0.316667 0.279687 0.320833 0.278125 0.322917 0.278125 0.327083 0.276562 0.329167 0.276562 0.35625 0.275 0.358333 0.275 0.40625 0.273438 0.408333 0.273438 0.420833 0.271875 0.422917 0.271875 0.43125 0.270313 0.433333 0.270313 0.452083 0.26875 0.454167 0.26875 0.5375 0.267188 0.539583 0.267188 0.547917 0.265625 0.55 0.265625 0.554167 0.264062 0.55625 0.264062 0.56875 0.2625 0.570833 0.2625 0.94375 0.264062 0.945833 0.264062 0.947917 0.273438 0.947917 0.275 0.95 0.28125 0.95 0.282813 0.952083 0.285938 0.952083 0.2875 0.954167 0.298438 0.954167 0.3 0.95625 0.345313 0.95625 0.346875 0.958333 0.364062 0.958333 0.365625 0.960417 0.384375 0.960417 0.385937 0.958333 0.3875 0.958333 0.390625 0.954167 0.390625 0.952083 0.392188 0.95 0.392188 0.947917 0.39375 0.945833 0.39375 0.94375 0.4 0.935417 0.4 0.933333 0.401562 0.93125 0.401562 0.929167 0.409375 0.91875 0.415625 0.91875 0.417187 0.920833 0.41875 0.920833 0.420312 0.922917 0.421875 0.922917 0.43125 0.935417 0.43125 0.941667 0.432812 0.94375 0.432812 0.947917 0.43125 0.95 0.43125 0.954167 0.432812 0.95625 0.432812 0.960417 0.434375 0.9625 0.439063 0.9625 0.440625 0.964583 0.515625 0.964583 0.517188 0.966667 0.526563 0.966667 0.528125 0.96875 0.532813 0.96875 0.534375 0.970833 0.55625 0.970833 0.557813 0.972917 0.679688 0.972917 0.68125 0.975 0.690625 0.975 0.692187 0.977083 0.7 0.977083 0.701562 0.979167 0.726562 0.979167 0.728125 0.98125 0.796875 0.98125 0.798438 0.983333 0.804688 0.983333 0.80625 0.985417 0.809375 0.985417 0.810937 0.9875 0.854688 0.9875 0.85625 0.989583 0.867188 0.989583 0.86875 0.991667 0.878125 0.991667 0.879687 0.99375 0.882812 0.99375 0.884375 0.995833 0.884375 0.997917 0.992188 0.997917 0.992188 0.916667 0.990625 0.914583 0.990625 0.84375 0.992188 0.841667 0.992188 0.760417 0.990625 0.758333 0.990625 0.685417 0.989062 0.683333 0.989062 0.677083 0.9875 0.675 0.9875 0.66875 0.985938 0.666667 0.985938 0.652083 0.984375 0.65 0.984375 0.64375 0.982812 0.641667 0.982812 0.639583 0.98125 0.6375 0.98125 0.633333 0.979688 0.63125 0.979688 0.6125 0.978125 0.610417 0.978125 0.597917 0.976562 0.595833 0.976562 0.59375 0.975 0.591667 0.975 0.5875 0.973437 0.585417 0.973437 0.56875 0.971875 0.566667 0.971875 0.552083 0.970313 0.55 0.970313 0.545833 0.96875 0.54375 0.96875 0.539583 0.967187 0.5375 0.967187 0.495833 0.965625 0.49375 0.965625 0.48125 0.964063 0.479167 0.964063 0.477083 0.9625 0.475 0.9625 0.470833 0.960938 0.46875 0.960938 0.4625 0.959375 0.460417 0.959375 0.4375 0.957812 0.435417 0.957812 0.422917 0.95625 0.420833 0.95625 0.416667 0.954688 0.414583 0.954688 0.397917 0.953125 0.395833 0.953125 0.372917 0.951562 0.370833 0.951562 0.366667 0.95 0.364583 0.95 0.360417 0.948438 0.358333 0.948438 0.34375 0.946875 0.341667 0.946875 0.31875 0.945312 0.316667 0.945312 0.314583 0.94375 0.314583 0.940625 0.310417 0.940625 0.29375 0.942187 0.291667 0.942187 0.266667 0.940625 0.264583 0.940625 0.247917 0.939063 0.245833 0.939063 0.24375 0.9375 0.241667 0.9375 0.2375 0.935937 0.235417 0.935937 0.210417 0.934375 0.208333 0.934375 0.1875 0.932813 0.185417 0.932813 0.177083 0.93125 0.175 0.93125 0.15625 0.929688 0.154167 0.929688 0.120833 0.928125 0.11875 0.928125 0.1 0.926562 0.0979167 0.926562 0.0916667 0.925 0.0895833 0.925 0.0791667 0.923438 0.0770833 0.923438 0.0520833 0.921875 0.05 0.921875 0.0333333 0.920312 0.03125 0.920312 0.0291667 0.91875 0.0270833 0.910937 0.0270833 0.909375 0.025 0.892188 0.025 0.890625 0.0270833 0.889062 0.0270833 0.8875 0.025 0.717088
1 0.620313 0.508333 0.61875 0.510417 0.61875 0.527083 0.621875 0.53125 0.635938 0.53125 0.6375 0.533333 0.640625 0.533333 0.642187 0.53125 0.65 0.53125 0.651563 0.529167 0.653125 0.529167 0.657812 0.522917 0.659375 0.522917 0.6625 0.51875 0.6625 0.516667 0.664062 0.514583 0.665625 0.514583 0.665625 0.510417 0.664062 0.508333 0.695889
1 0.545312 0.175 0.54375 0.177083 0.54375 0.1875 0.545312 0.189583 0.546875 0.189583 0.553125 0.197917 0.557813 0.197917 0.559375 0.2 0.560937 0.2 0.5625 0.202083 0.5625 0.204167 0.564063 0.204167 0.565625 0.20625 0.571875 0.20625 0.573438 0.204167 0.575 0.204167 0.579688 0.197917 0.579688 0.195833 0.58125 0.19375 0.58125 0.191667 0.579688 0.189583 0.579688 0.183333 0.578125 0.18125 0.578125 0.179167 0.576562 0.177083 0.575 0.177083 0.573438 0.175 0.674998
1 0.432812 0.166667 0.43125 0.16875 0.43125 0.195833 0.439063 0.20625 0.44375 0.20625 0.445312 0.208333 0.446875 0.208333 0.448437 0.20625 0.45 0.20625 0.453125 0.202083 0.453125 0.197917 0.454688 0.195833 0.454688 0.1875 0.453125 0.185417 0.453125 0.183333 0.45 0.179167 0.45 0.170833 0.446875 0.166667 0.649343
1 0.464062 0.166667 0.4625 0.16875 0.4625 0.195833 0.464062 0.197917 0.465625 0.197917 0.467187 0.195833 0.46875 0.195833 0.473438 0.189583 0.475 0.189583 0.479687 0.183333 0.479687 0.18125 0.485938 0.172917 0.485938 0.16875 0.484375 0.166667 0.648086
1 0.739062 0.233333 0.7375 0.235417 0.7375 0.254167 0.751562 0.272917 0.760938 0.272917 0.7625 0.270833 0.765625 0.270833 0.765625 0.26875 0.767187 0.266667 0.767187 0.264583 0.76875 0.2625 0.76875 0.254167 0.767187 0.252083 0.767187 0.25 0.759375 0.239583 0.757812 0.239583 0.753125 0.233333 0.634122
1 0.689062 0.5 0.6875 0.502083 0.6875 0.510417 0.69375 0.51875 0.69375 0.520833 0.695312 0.522917 0.696875 0.522917 0.7 0.527083 0.7 0.529167 0.701562 0.53125 0.703125 0.53125 0.70625 0.535417 0.70625 0.5375 0.707812 0.539583 0.7125 0.539583 0.714063 0.5375 0.715625 0.5375 0.715625 0.533333 0.717187 0.53125 0.717187 0.527083 0.71875 0.525 0.71875 0.522917 0.720312 0.520833 0.720312 0.51875 0.721875 0.516667 0.721875 0.502083 0.720312 0.502083 0.71875 0.5 0.58898
6 0.83125 0.025 0.829688 0.0270833 0.804688 0.0270833 0.803125 0.0291667 0.771875 0.0291667 0.770312 0.03125 0.757812 0.03125 0.75625 0.0333333 0.634375 0.0333333 0.632812 0.0354167 0.507812 0.0354167 0.50625 0.0375 0.5 0.0375 0.498437 0.0395833 0.485938 0.0395833 0.484375 0.0375 0.482812 0.0375 0.48125 0.0395833 0.479687 0.0395833 0.478125 0.0416667 0.473438 0.0416667 0.471875 0.0395833 0.460938 0.0395833 0.459375 0.0375 0.442188 0.0375 0.440625 0.0395833 0.339062 0.0395833 0.3375 0.0416667 0.31875 0.0416667 0.317187 0.04375 0.3125 0.04375 0.310937 0.0458333 0.309375 0.0458333 0.307812 0.0479167 0.307812 0.05 0.30625 0.0520833 0.30625 0.0541667 0.298438 0.0645833 0.296875 0.0645833 0.296875 0.0666667 0.295312 0.06875 0.295312 0.0770833 0.29375 0.0791667 0.29375 0.10625 0.292187 0.108333 0.292187 0.116667 0.290625 0.11875 0.290625 0.125 0.289062 0.127083 0.289062 0.145833 0.2875 0.147917 0.2875 0.191667 0.285938 0.19375 0.285938 0.210417 0.284375 0.2125 0.284375 0.222917 0.282813 0.225 0.282813 0.245833 0.28125 0.247917 0.28125 0.314583 0.279687 0.316667 0.279687 0.320833 0.278125 0.322917 0.278125 0.327083 0.276562 0.329167 0.276562 0.35 0.275 0.352083 0.275 0.404167 0.273438 0.40625 0.273438 0.416667 0.271875 0.41875 0.271875 0.427083 0.270313 0.429167 0.270313 0.45 0.26875 0.452083 0.26875 0.514583 0.267188 0.516667 0.267188 0.522917 0.26875 0.525 0.26875 0.529167 0.267188 0.53125 0.267188 0.547917 0.265625 0.55 0.265625 0.554167 0.264062 0.55625 0.264062 0.566667 0.2625 0.56875 0.2625 0.63125 0.260937 0.633333 0.260937 0.645833 0.259375 0.647917 0.259375 0.654167 0.257812 0.65625 0.257812 0.697917 0.25625 0.7 0.25625 0.7875 0.254688 0.789583 0.254688 0.8 0.253125 0.802083 0.253125 0.8125 0.251563 0.814583 0.251563 0.85625 0.253125 0.858333 0.253125 0.864583 0.254688 0.866667 0.254688 0.877083 0.253125 0.879167 0.253125 0.883333 0.251563 0.885417 0.251563 0.916667 0.253125 0.91875 0.253125 0.933333 0.251563 0.935417 0.251563 0.941667 0.253125 0.94375 0.253125 0.945833 0.257812 0.945833 0.259375 0.947917 0.275 0.947917 0.276562 0.95 0.28125 0.95 0.282813 0.952083 0.285938 0.952083 0.2875 0.954167 0.296875 0.954167 0.298438 0.95625 0.345313 0.95625 0.346875 0.958333 0.364062 0.958333 0.365625 0.960417 0.384375 0.960417 0.385937 0.958333 0.3875 0.958333 0.390625 0.954167 0.390625 0.952083 0.392188 0.95 0.392188 0.947917 0.39375 0.945833 0.39375 0.94375 0.4 0.935417 0.4 0.933333 0.401562 0.93125 0.401562 0.929167 0.409375 0.91875 0.414062 0.91875 0.415625 0.920833 0.41875 0.920833 0.420312 0.922917 0.421875 0.922917 0.43125 0.935417 0.43125 0.958333 0.434375 0.9625 0.439063 0.9625 0.440625 0.964583 0.515625 0.964583 0.517188 0.966667 0.523438 0.966667 0.525 0.96875 0.53125 0.96875 0.532813 0.970833 0.55 0.970833 0.551562 0.972917 0.679688 0.972917 0.68125 0.975 0.690625 0.975 0.692187 0.977083 0.698438 0.977083 0.7 0.979167 0.71875 0.979167 0.720312 0.98125 0.796875 0.98125 0.798438 0.983333 0.804688 0.983333 0.80625 0.985417 0.807813 0.985417 0.809375 0.9875 0.83125 0.9875 0.832812 0.989583 0.834375 0.9875 0.85625 0.9875 0.857812 0.989583 0.86875 0.989583 0.870313 0.991667 0.88125 0.991667 0.882812 0.99375 0.885938 0.99375 0.8875 0.995833 0.8875 0.997917 0.998437 0.997917 0.998437 0.727083 0.996875 0.727083 0.995313 0.725 0.995313 0.720833 0.99375 0.71875 0.99375 0.702083 0.992188 0.7 0.992188 0.689583 0.990625 0.6875 0.990625 0.683333 0.989062 0.68125 0.989062 0.679167 0.9875 0.677083 0.9875 0.66875 0.985938 0.666667 0.985938 0.652083 0.984375 0.65 0.984375 0.64375 0.982812 0.641667 0.982812 0.639583 0.98125 0.6375 0.98125 0.633333 0.979688 0.63125 0.979688 0.610417 0.978125 0.608333 0.978125 0.597917 0.976562 0.595833 0.976562 0.59375 0.975 0.591667 0.975 0.5875 0.973437 0.585417 0.973437 0.566667 0.971875 0.564583 0.971875 0.55 0.970313 0.547917 0.970313 0.545833 0.96875 0.54375 0.96875 0.5375 0.967187 0.535417 0.967187 0.495833 0.965625 0.49375 0.965625 0.48125 0.964063 0.479167 0.964063 0.477083 0.9625 0.475 0.9625 0.470833 0.960938 0.46875 0.960938 0.4625 0.959375 0.460417 0.959375 0.44375 0.957812 0.441667 0.957812 0.427083 0.95625 0.425 0.95625 0.416667 0.954688 0.414583 0.954688 0.4 0.953125 0.397917 0.953125 0.372917 0.951562 0.370833 0.951562 0.366667 0.95 0.364583 0.95 0.358333 0.948438 0.35625 0.948438 0.339583 0.946875 0.3375 0.946875 0.320833 0.945312 0.31875 0.945312 0.316667 0.94375 0.314583 0.942187 0.314583 0.939063 0.310417 0.939063 0.304167 0.940625 0.302083 0.940625 0.295833 0.942187 0.29375 0.942187 0.264583 0.940625 0.2625 0.940625 0.247917 0.939063 0.245833 0.939063 0.241667 0.9375 0.239583 0.9375 0.235417 0.935937 0.233333 0.935937 0.20625 0.934375 0.204167 0.934375 0.185417 0.932813 0.183333 0.932813 0.175 0.93125 0.172917 0.93125 0.152083 0.929688 0.15 0.929688 0.116667 0.928125 0.114583 0.928125 0.0979167 0.926562 0.0958333 0.926562 0.0895833 0.925 0.0875 0.925 0.075 0.923438 0.0729167 0.923438 0.05 0.921875 0.0479167 0.921875 0.0333333 0.920312 0.03125 0.920312 0.0291667 0.91875 0.0270833 0.9125 0.0270833 0.910937 0.025 0.586652
1 0.595313 0.45 0.59375 0.452083 0.59375 0.4625 0.595313 0.464583 0.6125 0.464583 0.614062 0.4625 0.615625 0.4625 0.615625 0.458333 0.617188 0.45625 0.617188 0.452083 0.615625 0.45 0.554756
1 0.303125 0.425 0.3 0.429167 0.3 0.441667 0.301563 0.44375 0.301563 0.445833 0.303125 0.445833 0.304688 0.447917 0.309375 0.447917 0.315625 0.45625 0.328125 0.45625 0.334375 0.447917 0.335938 0.447917 0.339062 0.44375 0.339062 0.441667 0.340625 0.439583 0.340625 0.4375 0.335938 0.43125 0.335938 0.429167 0.334375 0.427083 0.33125 0.427083 0.329688 0.425 0.554753
1 0.595313 0.208333 0.59375 0.210417 0.59375 0.2125 0.595313 0.214583 0.596875 0.214583 0.6 0.21875 0.6 0.220833 0.601562 0.222917 0.607812 0.222917 0.609375 0.225 0.610938 0.225 0.6125 0.227083 0.6125 0.229167 0.614062 0.229167 0.615625 0.23125 0.628125 0.23125 0.629687 0.229167 0.629687 0.220833 0.623437 0.2125 0.623437 0.210417 0.621875 0.210417 0.620313 0.208333 0.535606
1 0.620313 0.2 0.61875 0.202083 0.61875 0.20625 0.620313 0.208333 0.620313 0.2125 0.621875 0.2125 0.623437 0.214583 0.625 0.214583 0.63125 0.222917 0.63125 0.225 0.632812 0.227083 0.632812 0.229167 0.634375 0.229167 0.635938 0.23125 0.6375 0.23125 0.639062 0.233333 0.640625 0.233333 0.645312 0.239583 0.651563 0.239583 0.654687 0.235417 0.654687 0.21875 0.653125 0.216667 0.653125 0.214583 0.65 0.210417 0.65 0.20625 0.648438 0.204167 0.648438 0.202083 0.646875 0.2 0.52497
1 0.570312 0.241667 0.56875 0.24375 0.56875 0.254167 0.570312 0.25625 0.575 0.25625 0.576562 0.258333 0.578125 0.258333 0.58125 0.2625 0.582812 0.2625 0.584375 0.264583 0.598437 0.264583 0.6 0.2625 0.603125 0.2625 0.603125 0.260417 0.604688 0.258333 0.604688 0.252083 0.603125 0.25 0.601562 0.25 0.596875 0.24375 0.595313 0.24375 0.59375 0.241667 0.512445
